{
    "cam_2_world_poses": {
        "222200042": [
            [
                -0.3995864689350128,
                -0.25222933292388916,
                0.8813120722770691,
                -0.9384587407112122
            ],
            [
                0.19602642953395844,
                0.9156516194343567,
                0.35093551874160767,
                -0.3429427742958069
            ],
            [
                -0.8954910635948181,
                0.31298956274986267,
                -0.31643837690353394,
                0.24545156955718994
            ],
            [
                0.0,
                0.0,
                0.0,
                1.0
            ]
        ],
        "222200044": [
            [
                -0.43203192949295044,
                0.2348202019929886,
                0.8707513213157654,
                -0.9941965937614441
            ],
            [
                0.19466456770896912,
                0.9670286178588867,
                -0.16419905424118042,
                0.24525371193885803
            ],
            [
                -0.8805987238883972,
                0.09856520593166351,
                -0.46349841356277466,
                0.3974170684814453
            ],
            [
                0.0,
                0.0,
                0.0,
                1.0
            ]
        ],
        "222200046": [
            [
                -0.685099720954895,
                -0.18820683658123016,
                0.7037162184715271,
                -0.7888330221176147
            ],
            [
                0.1471877247095108,
                0.9103559255599976,
                0.3867659270763397,
                -0.42249763011932373
            ],
            [
                -0.7134242057800293,
                0.368551641702652,
                -0.5959828495979309,
                0.586778998374939
            ],
            [
                0.0,
                0.0,
                0.0,
                1.0
            ]
        ],
        "222200040": [
            [
                -0.6860625743865967,
                0.18407593667507172,
                0.7038708925247192,
                -0.8328423500061035
            ],
            [
                0.1437414437532425,
                0.9826880097389221,
                -0.11688733100891113,
                0.16838191449642181
            ],
            [
                -0.713201642036438,
                0.020983396098017693,
                -0.7006447911262512,
                0.7517526149749756
            ],
            [
                0.0,
                0.0,
                0.0,
                1.0
            ]
        ],
        "222200036": [
            [
                -0.8182705044746399,
                -0.13726232945919037,
                0.5582046508789062,
                -0.6586839556694031
            ],
            [
                0.11685017496347427,
                0.9110788702964783,
                0.39532431960105896,
                -0.42141443490982056
            ],
            [
                -0.5628315806388855,
                0.38870853185653687,
                -0.7294698357582092,
                0.7628836631774902
            ],
            [
                0.0,
                0.0,
                0.0,
                1.0
            ]
        ],
        "222200048": [
            [
                -0.8241199851036072,
                0.12994520366191864,
                0.5513079166412354,
                -0.6838399767875671
            ],
            [
                0.09145218133926392,
                0.9910841584205627,
                -0.09689514338970184,
                0.17134027183055878
            ],
            [
                -0.5589836239814758,
                -0.029434913769364357,
                -0.8286560773849487,
                0.9241915345191956
            ],
            [
                0.0,
                0.0,
                0.0,
                1.0
            ]
        ],
        "220700191": [
            [
                -0.9033553004264832,
                -0.1243356466293335,
                0.4104751646518707,
                -0.46195223927497864
            ],
            [
                0.07009722292423248,
                0.9013870358467102,
                0.42730292677879333,
                -0.43203654885292053
            ],
            [
                -0.4231259822845459,
                0.41477954387664795,
                -0.8055571913719177,
                0.8326306343078613
            ],
            [
                0.0,
                0.0,
                0.0,
                1.0
            ]
        ],
        "222200041": [
            [
                -0.9013444185256958,
                0.1093272864818573,
                0.4190773367881775,
                -0.4901494085788727
            ],
            [
                0.0866517499089241,
                0.9935729503631592,
                -0.07283037900924683,
                0.15850237011909485
            ],
            [
                -0.4243462383747101,
                -0.029331469908356667,
                -0.9050248265266418,
                0.9979654550552368
            ],
            [
                0.0,
                0.0,
                0.0,
                1.0
            ]
        ],
        "222200037": [
            [
                -0.9671081304550171,
                -0.0807696208357811,
                0.24120153486728668,
                -0.25963717699050903
            ],
            [
                0.03288470208644867,
                0.9005885124206543,
                0.43342700600624084,
                -0.4437495470046997
            ],
            [
                -0.25223106145858765,
                0.42710259556770325,
                -0.8683103322982788,
                0.9059793949127197
            ],
            [
                0.0,
                0.0,
                0.0,
                1.0
            ]
        ],
        "222200038": [
            [
                -0.9655323624610901,
                0.07537148892879486,
                0.2491312325000763,
                -0.28375738859176636
            ],
            [
                0.051545534282922745,
                0.9935683608055115,
                -0.10082173347473145,
                0.14296893775463104
            ],
            [
                -0.25512799620628357,
                -0.08450504392385483,
                -0.963207483291626,
                1.0878053903579712
            ],
            [
                0.0,
                0.0,
                0.0,
                1.0
            ]
        ],
        "222200047": [
            [
                -0.994147777557373,
                -0.047879572957754135,
                0.09683872014284134,
                -0.07442793250083923
            ],
            [
                -0.0019905450753867626,
                0.9043835997581482,
                0.4267157316207886,
                -0.4622404873371124
            ],
            [
                -0.10801031440496445,
                0.4240257441997528,
                -0.8991862535476685,
                0.9872063398361206
            ],
            [
                0.0,
                0.0,
                0.0,
                1.0
            ]
        ],
        "222200043": [
            [
                -0.9952208995819092,
                0.009910756722092628,
                0.09714481979608536,
                -0.08233910799026489
            ],
            [
                0.0019853587727993727,
                0.996684193611145,
                -0.08134271949529648,
                0.1307077705860138
            ],
            [
                -0.0976288765668869,
                -0.08076111227273941,
                -0.9919406175613403,
                1.156747579574585
            ],
            [
                0.0,
                0.0,
                0.0,
                1.0
            ]
        ],
        "222200049": [
            [
                -0.9944149255752563,
                -0.0021570143289864063,
                -0.10551898181438446,
                0.14881892502307892
            ],
            [
                -0.0498405322432518,
                0.890884280204773,
                0.4514876902103424,
                -0.48293831944465637
            ],
            [
                0.09303133189678192,
                0.45422521233558655,
                -0.8860161304473877,
                0.9415533542633057
            ],
            [
                0.0,
                0.0,
                0.0,
                1.0
            ]
        ],
        "222200039": [
            [
                -0.9912534952163696,
                -0.07796739786863327,
                -0.10647796094417572,
                0.15538345277309418
            ],
            [
                -0.07261320948600769,
                0.995936393737793,
                -0.053273625671863556,
                0.10641738772392273
            ],
            [
                0.11019887775182724,
                -0.04507596418261528,
                -0.9928869009017944,
                1.114838719367981
            ],
            [
                0.0,
                0.0,
                0.0,
                1.0
            ]
        ],
        "222200045": [
            [
                -0.9002082943916321,
                -0.13562746345996857,
                -0.4137997329235077,
                0.5141799449920654
            ],
            [
                -0.11076650768518448,
                0.9903224110603333,
                -0.08362013101577759,
                0.14912059903144836
            ],
            [
                0.42113634943962097,
                -0.029440386220812798,
                -0.9065194129943848,
                0.9626888632774353
            ],
            [
                0.0,
                0.0,
                0.0,
                1.0
            ]
        ],
        "221501007": [
            [
                -0.9048168659210205,
                0.060733895748853683,
                -0.4214473366737366,
                0.5045847296714783
            ],
            [
                -0.1415020376443863,
                0.8906347751617432,
                0.4321421682834625,
                -0.43932822346687317
            ],
            [
                0.40160131454467773,
                0.45064517855644226,
                -0.7972673773765564,
                0.7848973274230957
            ],
            [
                0.0,
                0.0,
                0.0,
                1.0
            ]
        ]
    },
    "intrinsics": [
        [
            4091.719482421875,
            0.0,
            549.8783569335938
        ],
        [
            0.0,
            4091.814697265625,
            801.687255859375
        ],
        [
            0.0,
            0.0,
            1.0
        ]
    ]
}